8
0 0 29 40 0 61 17 15 
0 0 0 59 36 0 0 60
29 0 0 0 0 0 21 0
40 59 0 0 27 88 0 92
0 36 0 27 0 57 71 0
61 0 0 88 57 0 81 0
17 0 21 0 71 81 0 0
15 60 0 92 0 0 0 0 